3833 33812
3833 73400
3833 98332
3833 131211
3833 306781
3833 343242
4829 26373
4829 49761
4829 73400
4829 74439
4829 131211
4829 335763
4829 494481
5238 168720
5238 229510
5238 406305
5238 445716
5238 494860
6579 335763
6579 412670
6579 432937
6579 452884
6579 494481
23465 28053
23465 73400
23465 98269
23465 131182
23465 189959
23465 215955
23465 223061
23465 349055
23465 381003
23465 400523
23465 434966
23465 472722
23465 504305
23465 511237
23465 536830
25749 168720
25749 229510
25749 406305
25749 445716
25749 494860
26373 71736
26373 73400
26373 107972
26373 333916
26373 343242
26373 494481
28053 56052
28053 127345
28053 223061
28053 381003
28053 434966
28053 504305
33812 73400
33812 98332
33812 434966
33812 536830
49761 71736
49761 73400
49761 74439
49761 99373
49761 107972
49761 122915
49761 333916
49761 335763
56052 73400
56052 127345
56052 328468
56052 343242
56052 349055
56052 434966
56052 472722
56052 504305
56052 511237
56052 519013
56052 520121
56052 536830
71736 74439
71736 99373
71736 105619
71736 107972
71736 122915
71736 127345
71736 306781
71736 333916
71736 343242
71736 434966
73400 74439
73400 98332
73400 99373
73400 105619
73400 122915
73400 131211
73400 327818
73400 335763
73400 343242
73400 494481
73400 520121
73400 536830
74439 76881
74439 99373
74439 107972
74439 311872
74439 333916
74439 335763
74439 381003
74439 403255
74439 494481
76881 98332
76881 99373
76881 343242
76881 536830
86910 182430
86910 193790
86910 205319
86910 254263
86910 445716
98269 127345
98269 184458
98269 536830
98332 122915
98332 127345
98332 311872
98332 343242
98332 381003
98332 403255
98332 536830
99373 107972
99373 311872
99373 333916
99373 343242
99373 381003
99373 403255
99373 494481
101019 184458
101019 188073
101019 195210
105619 343242
105619 434966
105619 520121
121270 168720
121270 182430
121270 228831
121270 229510
121270 254263
121270 432937
122915 306781
122915 327818
127345 131182
127345 184458
127345 188073
127345 189959
127345 195210
127345 215955
127345 217230
127345 328468
127345 343242
127345 400523
127345 434966
127345 519013
127345 536830
131182 184458
131182 536830
131211 335763
131211 452884
131211 494481
168715 168720
168715 182430
168715 229510
168715 261558
168715 445716
168720 229510
168720 261558
168720 309573
168720 317603
168720 382724
168720 406305
168720 406909
168720 445716
168720 471009
168720 494860
182430 193790
182430 205319
182430 228831
182430 229510
182430 254263
182430 320128
182430 412670
182430 445716
182430 539125
184458 188073
184458 189959
184458 195210
184458 215955
184458 396649
184458 400523
184458 420427
188073 195210
188073 217230
188073 396649
188073 420427
189959 536830
193790 205319
193790 228831
193790 254263
193790 261558
193790 317603
193790 320128
193790 382724
193790 406305
193790 412670
193790 445716
193790 539125
195210 217230
195210 396649
195210 420427
195210 536830
205319 228831
205319 229510
205319 254263
205319 317603
205319 320128
205319 382724
205319 406305
205319 445716
205319 539125
210020 432937
215955 217230
215955 536830
223061 328468
223061 343242
223061 494481
228831 412670
228831 432937
229510 261558
229510 309573
229510 317603
229510 382724
229510 406305
229510 406909
229510 471009
229510 494860
254263 320128
254263 445716
254263 539125
261558 309573
261558 317603
261558 382724
261558 406305
261558 445716
261558 494860
306781 335763
306781 536830
309573 406305
309573 445716
311872 343242
311872 536830
320128 445716
327818 343242
327818 494481
328468 343242
328468 504305
328468 536830
333916 452884
335763 452884
335763 494481
343242 349055
343242 381003
343242 403255
343242 434966
343242 472722
343242 504305
343242 511237
343242 519013
349055 434966
381003 536830
400523 536830
403255 536830
406305 406909
406305 471009
406305 494860
406909 445716
406909 494860
434966 472722
434966 511237
434966 520121
434966 536830
445716 471009
445716 494860
445716 539125
452884 494481
471009 494860
519013 536830
520121 536830
