82387 173697
82387 405961
82387 405962
82387 411553
122153 143458
122153 173697
122153 231542
122153 234580
122153 234581
122153 240340
122153 246986
122153 260615
122153 260616
122153 297311
122153 306991
122153 308286
122153 308287
143458 173697
143458 231542
143458 234580
143458 234581
143458 240340
143458 246986
143458 260615
143458 260616
143458 297311
143458 306991
143458 308286
143458 308287
173697 231542
173697 234580
173697 234581
173697 240340
173697 246986
173697 260615
173697 260616
173697 297311
173697 306991
173697 308286
173697 308287
173697 405961
173697 405962
173697 411553
173697 417551
173697 417552
231542 234580
231542 234581
231542 240340
231542 246986
231542 260615
231542 260616
231542 297311
231542 306991
231542 308286
231542 308287
234580 234581
234580 240340
234580 246986
234580 260615
234580 260616
234580 297311
234580 306991
234580 308286
234580 308287
234581 240340
234581 246986
234581 260615
234581 260616
234581 297311
234581 306991
234581 308286
234581 308287
240340 246986
240340 260615
240340 260616
240340 297311
240340 306991
240340 308286
240340 308287
246986 260615
246986 260616
246986 297311
246986 306991
246986 308286
246986 308287
260615 260616
260615 297311
260615 306991
260615 308286
260615 308287
260616 297311
260616 306991
260616 308286
260616 308287
297311 306991
297311 308286
297311 308287
306991 308286
306991 308287
308286 308287
405961 405962
405961 411553
405962 411553
417551 417552
