12276 1468665
12276 1468666
12276 1468667
12276 1571249
12276 2052151
12276 2052656
12276 2052658
12276 2052659
12276 2052660
12276 2235563
12276 2386909
12276 2386913
12276 2386914
12276 2386916
12276 2386917
12276 2386918
12276 2386920
12276 2663659
12276 2663660
293747 1571249
1468665 1468666
1468665 1468667
1468665 1468668
1468665 1468670
1468665 1468671
1468665 1571249
1468665 1690988
1468665 1711686
1468665 2052658
1468665 2052659
1468665 2052660
1468665 2235563
1468665 2386909
1468665 2386913
1468665 2386916
1468665 2386917
1468665 2386918
1468665 2386922
1468665 2386925
1468665 2386927
1468665 2386935
1468665 2663659
1468665 2663660
1468665 2663667
1468665 2663669
1468666 1468667
1468666 1468668
1468666 1468670
1468666 1468671
1468666 1468673
1468666 1571249
1468666 1690988
1468666 1711686
1468666 2052151
1468666 2052656
1468666 2052658
1468666 2052659
1468666 2052660
1468666 2235563
1468666 2386883
1468666 2386909
1468666 2386913
1468666 2386914
1468666 2386916
1468666 2386917
1468666 2386918
1468666 2386920
1468666 2386922
1468666 2386925
1468666 2386927
1468666 2386935
1468666 2663659
1468666 2663660
1468666 2663667
1468666 2663669
1468666 2663676
1468667 1468668
1468667 1468670
1468667 1468671
1468667 1468673
1468667 1690988
1468667 1711686
1468667 2052151
1468667 2052658
1468667 2052659
1468667 2052660
1468667 2235563
1468667 2386883
1468667 2386913
1468667 2386916
1468667 2386918
1468667 2386922
1468667 2386925
1468667 2386927
1468667 2386935
1468667 2663660
1468667 2663667
1468667 2663669
1468668 1468670
1468668 1468671
1468668 1690988
1468668 1711686
1468668 2052660
1468668 2386916
1468668 2386922
1468668 2386925
1468668 2386927
1468668 2386935
1468668 2663667
1468670 1468671
1468670 1468673
1468670 1690988
1468670 1711686
1468670 2052660
1468670 2386883
1468670 2386916
1468670 2386922
1468670 2386925
1468670 2386927
1468670 2386935
1468670 2663667
1468670 2663669
1468671 1468673
1468671 1690988
1468671 1711686
1468671 2052151
1468671 2052660
1468671 2386883
1468671 2386916
1468671 2386922
1468671 2386925
1468671 2386927
1468671 2386935
1468671 2663667
1468671 2663669
1468671 2663676
1468673 2052660
1468673 2386916
1571249 2052151
1571249 2052656
1571249 2052658
1571249 2052660
1571249 2235563
1571249 2386909
1571249 2386913
1571249 2386914
1571249 2386916
1571249 2386917
1571249 2386918
1571249 2663659
1571249 2663660
1690988 1711686
1690988 2052660
1690988 2386916
1690988 2386922
1690988 2386925
1690988 2386927
1690988 2386935
1711686 2052660
1711686 2386883
1711686 2386916
1711686 2386922
1711686 2386925
1711686 2386927
1711686 2386935
1711686 2663667
1711686 2663669
1711686 2663676
2052151 2052656
2052151 2052658
2052151 2052659
2052151 2052660
2052151 2386917
2052656 2052658
2052656 2052659
2052656 2235563
2052656 2386909
2052656 2386913
2052656 2386916
2052656 2386917
2052656 2386918
2052656 2663659
2052658 2052660
2052658 2386909
2052658 2386913
2052658 2386916
2052658 2386917
2052658 2386918
2052658 2386922
2052659 2052660
2052659 2386909
2052659 2386913
2052659 2386916
2052659 2386917
2052659 2386918
2052660 2235563
2052660 2386883
2052660 2386909
2052660 2386913
2052660 2386916
2052660 2386917
2052660 2386918
2052660 2386922
2052660 2386925
2052660 2386927
2052660 2386935
2052660 2663659
2052660 2663660
2052660 2663667
2052660 2663669
2052660 2663676
2235563 2386909
2235563 2386913
2235563 2386914
2235563 2386916
2235563 2386917
2235563 2386918
2235563 2386922
2235563 2386927
2235563 2663659
2386909 2386913
2386909 2386916
2386909 2386917
2386909 2386918
2386909 2663659
2386913 2386914
2386913 2386916
2386913 2386917
2386913 2386918
2386913 2386920
2386913 2663659
2386913 2663660
2386914 2386916
2386914 2386917
2386914 2386918
2386914 2663659
2386916 2386917
2386916 2386918
2386916 2386922
2386916 2386927
2386916 2386935
2386916 2663659
2386916 2663660
2386916 2663676
2386917 2386918
2386917 2663659
2386918 2386920
2386918 2663659
2386918 2663660
2386922 2386925
2386922 2386927
2386922 2386935
2386922 2663667
2386925 2386935
2386927 2663667
2386935 2663667
