3578 4155
3578 4936
3578 4980
3666 4936
3666 4980
3666 17710
3666 75010
3666 78648
3666 89733
3666 89912
3666 126848
3666 137837
3666 137839
3666 137855
3666 137867
3666 137893
3666 137904
3666 137925
3666 137929
3666 137948
3810 4936
3810 17710
3810 78648
4083 4113
4083 4936
4083 4980
4083 17710
4083 27248
4083 33670
4083 76172
4083 89733
4083 137837
4083 137839
4083 137855
4083 137867
4083 137925
4083 137948
4083 140017
4083 142240
4083 148235
4083 149667
4083 149680
4083 656076
4113 4189
4113 4313
4113 4936
4113 9403
4113 142240
4113 151640
4113 158046
4155 4936
4155 9403
4155 142240
4155 151640
4189 4936
4189 87865
4189 137839
4189 140017
4189 148435
4313 4936
4313 4980
4313 9403
4313 17710
4313 27248
4313 75010
4313 87865
4313 137837
4313 142240
4313 143320
4313 144223
4313 146921
4313 148435
4313 149667
4313 151640
4936 4980
4936 9403
4936 17710
4936 27248
4936 33670
4936 75021
4936 75094
4936 137839
4936 142240
4936 143320
4936 144223
4936 148225
4936 151640
4936 164528
4936 656076
4980 17710
4980 27248
4980 75010
4980 75021
4980 78648
4980 84949
4980 89733
4980 89912
4980 126848
4980 137837
4980 137839
4980 137855
4980 137867
4980 137948
4980 149667
4980 151640
4980 165632
9403 27248
9403 33670
9403 87865
9403 137839
9403 137929
9403 140017
9403 142240
9403 146921
9403 148206
9403 148435
9403 149680
9403 151640
9403 158046
9403 656076
17710 33670
17710 75010
17710 75094
17710 78648
17710 89912
17710 126848
17710 137837
17710 137839
17710 137855
17710 137867
17710 137948
17710 143320
17710 148225
17710 148435
17710 149667
27248 142240
27248 143320
27248 144223
27248 656076
33670 75021
33670 75094
33670 84949
33670 87865
33670 143320
33670 146673
75010 75021
75010 78648
75010 84949
75010 89733
75010 126848
75010 137837
75010 137839
75010 137855
75010 137867
75010 137925
75010 137929
75010 137948
75010 146921
75010 149667
75021 76172
75021 78648
75021 89733
75021 137925
75021 137948
75021 140017
76172 143320
78648 89733
78648 89912
78648 126848
78648 137837
78648 137839
78648 137855
78648 137867
78648 137904
78648 137929
78648 137948
78648 140017
78648 149667
78648 151640
84949 137839
87865 142240
87865 143320
87865 151640
89733 89912
89733 126848
89733 137837
89733 137855
89733 137867
89733 137893
89733 137925
89733 137929
89733 137948
89733 149667
89912 137837
89912 137839
89912 137855
89912 137867
89912 137904
89912 137925
89912 137929
89912 137948
89912 149667
126848 137839
126848 137855
126848 137867
126848 137925
126848 137929
126848 137948
137837 137839
137837 137855
137837 137867
137837 137929
137837 137948
137837 142240
137837 148435
137837 149667
137837 165632
137839 137855
137839 137867
137839 137948
137839 148435
137839 149667
137855 137867
137855 137893
137855 137948
137855 143320
137867 137893
137867 148435
137867 149667
137893 137925
137893 137929
137893 137948
137904 137929
137925 137948
137925 148225
137925 149667
137925 165632
137929 137948
137929 148435
137948 148225
137948 148435
137948 149667
137948 165632
142240 146673
142240 148435
142240 149680
142240 151640
143320 146921
143320 148206
143320 148235
148206 149680
148435 149667
151640 656076
